  
       XFOIL         Version 6.94
  
 Calculated polar for: 1080                                            
  
 1 1 Reynolds number fixed          Mach number fixed         
  
 xtrf =   1.000 (top)        1.000 (bottom)  
 Mach =   0.000     Re =     2.000 e 6     Ncrit =   9.000
  
  alpha     CL        CD       CDp       CM    Top_Xtr Bot_Xtr
 ------- -------- --------- --------- -------- ------- -------
   6.000   0.7467   0.01342   0.00706  -0.0190  0.0039  0.7955
   6.250   0.7600   0.01390   0.00754  -0.0172  0.0025  0.7970
   6.500   0.7738   0.01440   0.00804  -0.0155  0.0023  0.7983
   6.750   0.7876   0.01493   0.00856  -0.0140  0.0016  0.7995
   7.000   0.8012   0.01548   0.00912  -0.0124  0.0013  0.8013
   7.250   0.8145   0.01607   0.00972  -0.0109  0.0003  0.8043
   7.500   0.8165   0.01719   0.01103  -0.0080  0.0000  0.8073
   7.750   0.8159   0.01852   0.01251  -0.0049  0.0000  0.8101
   8.250   0.8675   0.01869   0.01240  -0.0054  0.0002  0.8137
   8.500   0.8803   0.01943   0.01315  -0.0041  0.0002  0.8158
   8.750   0.8934   0.02018   0.01390  -0.0029  0.0002  0.8177
   9.000   0.9060   0.02097   0.01470  -0.0017  0.0002  0.8194
   9.250   0.9187   0.02174   0.01549  -0.0005  0.0002  0.8224
   9.500   0.9305   0.02256   0.01634   0.0007  0.0002  0.8265
   9.750   0.9430   0.02334   0.01715   0.0019  0.0002  0.8301
  10.000   0.9544   0.02423   0.01806   0.0031  0.0002  0.8337
  10.250   0.9668   0.02506   0.01891   0.0042  0.0002  0.8371
  10.750   0.9896   0.02689   0.02079   0.0064  0.0002  0.8469
