  
       XFOIL         Version 6.94
  
 Calculated polar for: 1080                                            
  
 1 1 Reynolds number fixed          Mach number fixed         
  
 xtrf =   1.000 (top)        1.000 (bottom)  
 Mach =   0.000     Re =     2.000 e 6     Ncrit =   9.000
  
  alpha     CL        CD       CDp       CM    Top_Xtr Bot_Xtr
 ------- -------- --------- --------- -------- ------- -------
   6.010   1.4360   0.01513   0.00962  -0.1651  0.3347  0.4950
   6.020   1.4646   0.01386   0.00841  -0.1686  0.3489  0.4961
   6.030   1.4556   0.01428   0.00880  -0.1672  0.3435  0.4958
   6.050   1.4342   0.01558   0.01006  -0.1646  0.3330  0.4954
   6.060   1.4239   0.01658   0.01104  -0.1639  0.3259  0.4950
   6.070   1.4554   0.01450   0.00903  -0.1667  0.3424  0.4961
   6.080   1.4429   0.01521   0.00971  -0.1651  0.3365  0.4959
   6.090   1.4201   0.01711   0.01155  -0.1633  0.3227  0.4953
   6.100   1.4531   0.01478   0.00930  -0.1660  0.3410  0.4966
   6.110   1.4447   0.01532   0.00983  -0.1650  0.3366  0.4963
   6.120   1.4386   0.01593   0.01043  -0.1646  0.3328  0.4960
   6.130   1.4362   0.01625   0.01074  -0.1644  0.3313  0.4960
   6.140   1.4358   0.01638   0.01087  -0.1643  0.3308  0.4963
   6.150   1.4252   0.01724   0.01170  -0.1633  0.3234  0.4960
   6.160   1.4436   0.01591   0.01042  -0.1647  0.3341  0.4969
   6.170   1.4320   0.01693   0.01141  -0.1637  0.3265  0.4964
   6.180   1.4494   0.01558   0.01011  -0.1649  0.3371  0.4973
   6.190   1.4197   0.01790   0.01233  -0.1624  0.3189  0.4963
   6.200   1.4103   0.01854   0.01295  -0.1613  0.3135  0.4960
   6.210   1.4403   0.01667   0.01117  -0.1641  0.3307  0.4973
   6.220   1.4289   0.01754   0.01201  -0.1630  0.3231  0.4970
   6.230   1.4251   0.01785   0.01230  -0.1625  0.3210  0.4970
   6.240   1.4437   0.01668   0.01119  -0.1642  0.3314  0.4978
   6.250   1.4227   0.01815   0.01259  -0.1621  0.3186  0.4973
   6.260   1.4358   0.01740   0.01188  -0.1633  0.3254  0.4977
   6.270   1.4089   0.01911   0.01350  -0.1604  0.3105  0.4968
   6.280   1.4097   0.01913   0.01352  -0.1604  0.3107  0.4970
   6.290   1.4359   0.01762   0.01210  -0.1631  0.3245  0.4980
   6.300   1.4323   0.01792   0.01239  -0.1626  0.3226  0.4980
   6.310   1.4009   0.01984   0.01420  -0.1591  0.3048  0.4971
   6.320   1.4397   0.01760   0.01209  -0.1631  0.3256  0.4984
   6.330   1.4082   0.01955   0.01394  -0.1597  0.3080  0.4974
   6.340   1.4210   0.01888   0.01331  -0.1610  0.3148  0.4980
   6.350   1.4245   0.01875   0.01319  -0.1613  0.3164  0.4984
   6.360   1.4197   0.01909   0.01352  -0.1607  0.3137  0.4983
   6.370   1.4098   0.01973   0.01412  -0.1595  0.3077  0.4981
   6.380   1.4433   0.01782   0.01231  -0.1629  0.3257  0.4991
   6.390   1.4255   0.01896   0.01340  -0.1610  0.3157  0.4988
   6.400   1.4170   0.01952   0.01393  -0.1600  0.3112  0.4987
   6.410   1.4247   0.01914   0.01357  -0.1607  0.3147  0.4990
   6.420   1.4029   0.02044   0.01480  -0.1582  0.3028  0.4980
   6.430   1.4118   0.02001   0.01440  -0.1591  0.3070  0.4988
   6.440   1.4136   0.01998   0.01437  -0.1592  0.3078  0.4988
   6.450   1.4041   0.02057   0.01493  -0.1580  0.3025  0.4986
   6.460   1.4085   0.02039   0.01477  -0.1584  0.3046  0.4988
   6.470   1.4153   0.02008   0.01448  -0.1591  0.3078  0.4991
   6.480   1.4100   0.02044   0.01482  -0.1584  0.3047  0.4990
   6.490   1.4035   0.02086   0.01522  -0.1576  0.3004  0.4989
   6.500   1.4301   0.01944   0.01388  -0.1603  0.3151  0.4999
   6.510   1.4184   0.02017   0.01457  -0.1590  0.3084  0.4998
   6.520   1.3978   0.02137   0.01571  -0.1566  0.2963  0.4991
   6.530   1.4109   0.02071   0.01508  -0.1580  0.3039  0.4996
   6.540   1.4010   0.02132   0.01567  -0.1568  0.2974  0.4994
   6.550   1.3998   0.02146   0.01579  -0.1565  0.2965  0.4993
   6.560   1.4148   0.02069   0.01508  -0.1581  0.3049  0.4999
   6.570   1.4013   0.02150   0.01584  -0.1565  0.2967  0.4997
   6.580   1.4005   0.02161   0.01595  -0.1563  0.2960  0.4998
   6.590   1.3935   0.02206   0.01637  -0.1554  0.2913  0.4996
   6.600   1.3861   0.02253   0.01680  -0.1545  0.2864  0.4995
   6.610   1.3842   0.02270   0.01696  -0.1542  0.2849  0.4994
   6.640   1.3874   0.02271   0.01699  -0.1542  0.2860  0.4998
   6.660   1.4164   0.02125   0.01564  -0.1572  0.3032  0.5015
   6.670   1.4117   0.02158   0.01595  -0.1566  0.2996  0.5013
   6.680   1.3987   0.02235   0.01667  -0.1551  0.2913  0.5008
   6.690   1.4079   0.02191   0.01627  -0.1560  0.2967  0.5013
   6.700   1.3889   0.02302   0.01729  -0.1538  0.2847  0.5005
   6.710   1.3878   0.02314   0.01741  -0.1536  0.2834  0.5007
   6.720   1.3993   0.02257   0.01689  -0.1547  0.2900  0.5014
   6.730   1.3948   0.02289   0.01719  -0.1541  0.2870  0.5012
   6.740   1.3995   0.02269   0.01701  -0.1545  0.2894  0.5017
   6.750   1.3838   0.02363   0.01788  -0.1527  0.2792  0.5010
   6.760   1.4263   0.02135   0.01577  -0.1573  0.3053  0.5028
   6.770   1.3791   0.02401   0.01824  -0.1520  0.2756  0.5010
   6.780   1.3781   0.02413   0.01835  -0.1518  0.2742  0.5013
   6.790   1.3937   0.02334   0.01763  -0.1534  0.2846  0.5018
   6.800   1.3683   0.02481   0.01897  -0.1506  0.2661  0.5010
   6.810   1.3795   0.02425   0.01847  -0.1517  0.2739  0.5015
   6.820   1.3781   0.02439   0.01861  -0.1514  0.2722  0.5019
   6.830   1.3931   0.02363   0.01791  -0.1529  0.2824  0.5022
   6.840   1.3723   0.02484   0.01902  -0.1506  0.2676  0.5018
   6.850   1.3738   0.02482   0.01901  -0.1507  0.2684  0.5017
   6.860   1.3701   0.02510   0.01926  -0.1502  0.2646  0.5018
   6.870   1.4003   0.02349   0.01780  -0.1533  0.2861  0.5030
   6.880   1.3965   0.02376   0.01806  -0.1528  0.2828  0.5030
   6.890   1.3718   0.02520   0.01937  -0.1501  0.2646  0.5022
   6.900   1.3700   0.02536   0.01953  -0.1498  0.2629  0.5024
   6.910   1.3649   0.02572   0.01986  -0.1491  0.2594  0.5019
   6.920   1.3755   0.02519   0.01937  -0.1502  0.2662  0.5026
   6.930   1.3738   0.02535   0.01953  -0.1499  0.2643  0.5026
   6.940   1.3745   0.02538   0.01956  -0.1499  0.2645  0.5027
   6.950   1.4006   0.02399   0.01829  -0.1525  0.2828  0.5041
   6.960   1.3884   0.02472   0.01897  -0.1511  0.2737  0.5036
   6.970   1.3671   0.02600   0.02014  -0.1488  0.2581  0.5030
   6.980   1.3661   0.02612   0.02025  -0.1486  0.2568  0.5028
   6.990   1.3816   0.02530   0.01951  -0.1501  0.2681  0.5039
   7.000   1.3967   0.02452   0.01880  -0.1516  0.2781  0.5045
   7.010   1.4080   0.02396   0.01829  -0.1527  0.2859  0.5050
   7.020   1.3697   0.02618   0.02033  -0.1486  0.2578  0.5035
   7.030   1.3842   0.02542   0.01963  -0.1500  0.2684  0.5043
   7.040   1.3729   0.02613   0.02029  -0.1487  0.2597  0.5039
   7.050   1.3709   0.02631   0.02045  -0.1484  0.2574  0.5040
   7.060   1.3687   0.02650   0.02063  -0.1481  0.2550  0.5037
   7.070   1.3793   0.02596   0.02015  -0.1491  0.2626  0.5046
   7.080   1.3717   0.02646   0.02060  -0.1482  0.2565  0.5042
   7.090   1.3592   0.02724   0.02131  -0.1468  0.2458  0.5039
   7.100   1.3557   0.02750   0.02155  -0.1464  0.2428  0.5039
   7.110   1.3718   0.02665   0.02079  -0.1479  0.2550  0.5045
   7.120   1.3930   0.02551   0.01975  -0.1500  0.2704  0.5056
   7.130   1.3842   0.02608   0.02028  -0.1490  0.2636  0.5055
   7.140   1.3764   0.02659   0.02075  -0.1481  0.2573  0.5053
   7.150   1.3805   0.02642   0.02060  -0.1484  0.2604  0.5055
   7.160   1.3746   0.02682   0.02097  -0.1477  0.2547  0.5052
   7.170   1.3614   0.02765   0.02171  -0.1463  0.2439  0.5048
   7.180   1.3641   0.02756   0.02164  -0.1465  0.2452  0.5050
   7.190   1.3962   0.02580   0.02004  -0.1497  0.2700  0.5066
   7.200   1.3701   0.02735   0.02146  -0.1469  0.2492  0.5055
   7.210   1.3645   0.02774   0.02181  -0.1462  0.2444  0.5056
   7.220   1.3718   0.02738   0.02149  -0.1469  0.2497  0.5058
   7.230   1.3823   0.02685   0.02102  -0.1478  0.2577  0.5065
   7.240   1.3658   0.02786   0.02194  -0.1461  0.2441  0.5059
   7.250   1.3650   0.02798   0.02205  -0.1459  0.2431  0.5061
   7.260   1.3740   0.02752   0.02163  -0.1467  0.2494  0.5064
   7.270   1.3693   0.02787   0.02195  -0.1461  0.2451  0.5065
   7.280   1.3749   0.02761   0.02172  -0.1466  0.2490  0.5067
   7.290   1.3686   0.02804   0.02212  -0.1459  0.2440  0.5068
   7.300   1.3575   0.02876   0.02278  -0.1447  0.2346  0.5063
   7.310   1.3804   0.02749   0.02162  -0.1469  0.2523  0.5075
   7.320   1.3745   0.02790   0.02200  -0.1462  0.2468  0.5072
   7.330   1.3804   0.02762   0.02175  -0.1467  0.2515  0.5078
   7.340   1.3779   0.02784   0.02196  -0.1463  0.2486  0.5076
   7.350   1.3864   0.02741   0.02157  -0.1471  0.2546  0.5080
   7.360   1.3685   0.02852   0.02259  -0.1452  0.2404  0.5073
   7.370   1.3770   0.02809   0.02220  -0.1460  0.2465  0.5080
   7.380   1.3832   0.02779   0.02193  -0.1465  0.2514  0.5083
   7.390   1.3639   0.02900   0.02304  -0.1445  0.2354  0.5075
   7.400   1.3670   0.02889   0.02294  -0.1447  0.2372  0.5080
   7.410   1.3669   0.02896   0.02301  -0.1446  0.2367  0.5078
   7.420   1.3781   0.02837   0.02247  -0.1456  0.2452  0.5085
   7.430   1.3560   0.02974   0.02372  -0.1433  0.2262  0.5080
   7.440   1.3568   0.02977   0.02374  -0.1433  0.2263  0.5080
   7.450   1.3563   0.02986   0.02383  -0.1432  0.2252  0.5081
   7.460   1.3664   0.02933   0.02336  -0.1441  0.2336  0.5085
   7.470   1.3614   0.02970   0.02369  -0.1435  0.2288  0.5084
   7.480   1.3537   0.03023   0.02418  -0.1427  0.2212  0.5081
   7.490   1.3588   0.03000   0.02397  -0.1431  0.2251  0.5086
   7.500   1.3728   0.02923   0.02328  -0.1443  0.2369  0.5092
   7.510   1.3771   0.02905   0.02312  -0.1447  0.2398  0.5094
   7.520   1.3836   0.02873   0.02284  -0.1452  0.2450  0.5099
   7.530   1.3702   0.02959   0.02362  -0.1438  0.2330  0.5093
   7.540   1.3779   0.02920   0.02327  -0.1445  0.2390  0.5099
   7.550   1.3508   0.03090   0.02481  -0.1417  0.2147  0.5087
   7.560   1.3732   0.02962   0.02366  -0.1438  0.2342  0.5099
   7.570   1.3679   0.03000   0.02400  -0.1432  0.2289  0.5097
   7.580   1.3510   0.03111   0.02501  -0.1415  0.2136  0.5092
   7.590   1.3694   0.03005   0.02406  -0.1432  0.2290  0.5100
   7.600   1.3546   0.03103   0.02495  -0.1417  0.2153  0.5094
   7.610   1.3595   0.03079   0.02473  -0.1420  0.2194  0.5097
   7.620   1.3582   0.03095   0.02488  -0.1418  0.2175  0.5098
   7.630   1.3508   0.03150   0.02538  -0.1411  0.2103  0.5097
   7.640   1.3707   0.03032   0.02432  -0.1428  0.2276  0.5105
   7.650   1.3789   0.02989   0.02394  -0.1436  0.2342  0.5109
   7.660   1.3618   0.03102   0.02496  -0.1418  0.2186  0.5103
   7.670   1.3469   0.03206   0.02591  -0.1404  0.2041  0.5099
   7.680   1.3389   0.03267   0.02646  -0.1396  0.1949  0.5098
   7.690   1.3560   0.03161   0.02551  -0.1410  0.2116  0.5102
   7.700   1.3543   0.03180   0.02568  -0.1408  0.2093  0.5105
   7.710   1.3489   0.03224   0.02608  -0.1402  0.2033  0.5105
   7.730   1.3679   0.03114   0.02510  -0.1418  0.2205  0.5114
   7.740   1.3679   0.03121   0.02517  -0.1417  0.2198  0.5113
   7.760   1.3466   0.03278   0.02659  -0.1396  0.1976  0.5108
   7.770   1.3510   0.03256   0.02640  -0.1399  0.2011  0.5111
   7.780   1.3588   0.03212   0.02600  -0.1405  0.2083  0.5114
   7.820   1.3441   0.03342   0.02718  -0.1389  0.1905  0.5113
   7.830   1.3690   0.03183   0.02577  -0.1410  0.2150  0.5123
   7.840   1.3532   0.03296   0.02678  -0.1395  0.1988  0.5119
   7.850   1.3542   0.03297   0.02680  -0.1395  0.1990  0.5122
   7.860   1.3481   0.03346   0.02724  -0.1389  0.1920  0.5117
   7.870   1.3511   0.03334   0.02713  -0.1391  0.1940  0.5121
   7.880   1.3619   0.03268   0.02655  -0.1400  0.2048  0.5127
   7.890   1.3591   0.03295   0.02680  -0.1397  0.2009  0.5127
   7.900   1.3600   0.03297   0.02682  -0.1397  0.2012  0.5129
   7.910   1.3490   0.03380   0.02757  -0.1386  0.1891  0.5126
   7.920   1.3458   0.03411   0.02785  -0.1382  0.1854  0.5124
   7.930   1.3628   0.03302   0.02687  -0.1397  0.2019  0.5132
   7.940   1.3437   0.03442   0.02814  -0.1379  0.1818  0.5126
   7.950   1.3519   0.03392   0.02770  -0.1385  0.1893  0.5130
   7.960   1.3488   0.03422   0.02797  -0.1382  0.1857  0.5129
   7.970   1.3552   0.03386   0.02765  -0.1387  0.1915  0.5133
   7.980   1.3444   0.03469   0.02841  -0.1377  0.1799  0.5131
   7.990   1.3444   0.03478   0.02849  -0.1376  0.1792  0.5132
   8.000   1.3295   0.03592   0.02953  -0.1362  0.1624  0.5125
   8.010   1.3505   0.03451   0.02826  -0.1379  0.1842  0.5135
   8.030   1.3778   0.03278   0.02671  -0.1402  0.2103  0.5148
   8.040   1.3528   0.03459   0.02835  -0.1379  0.1847  0.5141
   8.050   1.3544   0.03456   0.02832  -0.1380  0.1854  0.5142
   8.060   1.3287   0.03648   0.03006  -0.1357  0.1568  0.5133
   8.070   1.3383   0.03587   0.02951  -0.1364  0.1669  0.5137
   8.080   1.3218   0.03715   0.03067  -0.1350  0.1475  0.5133
