  
       XFOIL         Version 6.94
  
 Calculated polar for: 1080                                            
  
 1 1 Reynolds number fixed          Mach number fixed         
  
 xtrf =   1.000 (top)        1.000 (bottom)  
 Mach =   0.000     Re =     2.000 e 6     Ncrit =   9.000
  
  alpha     CL        CD       CDp       CM    Top_Xtr Bot_Xtr
 ------- -------- --------- --------- -------- ------- -------
   6.010   1.5895   0.00799   0.00393  -0.2014  0.5911  0.6055
   6.020   1.5925   0.00799   0.00394  -0.2019  0.5927  0.6057
   6.030   1.5909   0.00800   0.00394  -0.2013  0.5907  0.6058
   6.040   1.5941   0.00799   0.00395  -0.2018  0.5923  0.6059
   6.050   1.5938   0.00800   0.00395  -0.2015  0.5913  0.6060
   6.060   1.5945   0.00800   0.00395  -0.2014  0.5910  0.6061
   6.070   1.5961   0.00800   0.00396  -0.2016  0.5915  0.6062
   6.080   1.5970   0.00801   0.00396  -0.2016  0.5914  0.6064
   6.090   1.5949   0.00803   0.00397  -0.2009  0.5895  0.6064
   6.100   1.5958   0.00804   0.00397  -0.2009  0.5894  0.6066
   6.110   1.5989   0.00802   0.00397  -0.2013  0.5906  0.6067
   6.120   1.5982   0.00804   0.00398  -0.2010  0.5897  0.6067
   6.130   1.5976   0.00806   0.00399  -0.2006  0.5889  0.6069
   6.140   1.5975   0.00806   0.00399  -0.2004  0.5866  0.6070
   6.150   1.6020   0.00804   0.00399  -0.2011  0.5900  0.6072
   6.160   1.5996   0.00807   0.00400  -0.2004  0.5873  0.6072
   6.170   1.6029   0.00806   0.00400  -0.2009  0.5895  0.6074
   6.180   1.6017   0.00808   0.00402  -0.2005  0.5877  0.6075
   6.190   1.6017   0.00808   0.00402  -0.2002  0.5846  0.6076
   6.200   1.5976   0.00813   0.00405  -0.1992  0.5805  0.6077
   6.210   1.6035   0.00808   0.00403  -0.2002  0.5844  0.6078
   6.220   1.6056   0.00809   0.00403  -0.2005  0.5869  0.6079
   6.230   1.6045   0.00810   0.00404  -0.2000  0.5832  0.6080
   6.240   1.6061   0.00810   0.00404  -0.2001  0.5839  0.6082
   6.250   1.6077   0.00810   0.00405  -0.2003  0.5846  0.6084
   6.260   1.6077   0.00811   0.00405  -0.2001  0.5834  0.6084
   6.270   1.6106   0.00810   0.00406  -0.2005  0.5866  0.6086
   6.280   1.6060   0.00815   0.00408  -0.1993  0.5807  0.6086
   6.290   1.6088   0.00814   0.00407  -0.1997  0.5818  0.6088
   6.300   1.6097   0.00814   0.00408  -0.1997  0.5818  0.6089
   6.310   1.6079   0.00818   0.00410  -0.1991  0.5803  0.6090
   6.320   1.6057   0.00822   0.00413  -0.1984  0.5769  0.6091
   6.330   1.6067   0.00822   0.00414  -0.1985  0.5771  0.6093
   6.340   1.6081   0.00822   0.00414  -0.1985  0.5785  0.6093
   6.350   1.6087   0.00823   0.00415  -0.1985  0.5772  0.6095
   6.360   1.6098   0.00823   0.00415  -0.1985  0.5775  0.6096
   6.370   1.6026   0.00836   0.00424  -0.1968  0.5705  0.6096
   6.380   1.6102   0.00826   0.00418  -0.1982  0.5750  0.6098
   6.390   1.6127   0.00824   0.00417  -0.1985  0.5775  0.6100
   6.400   1.6062   0.00836   0.00425  -0.1970  0.5709  0.6100
   6.410   1.6080   0.00835   0.00424  -0.1971  0.5713  0.6101
   6.420   1.6111   0.00832   0.00423  -0.1975  0.5725  0.6103
   6.430   1.6099   0.00836   0.00425  -0.1971  0.5713  0.6103
   6.440   1.6046   0.00847   0.00434  -0.1959  0.5654  0.6105
   6.450   1.6175   0.00828   0.00421  -0.1982  0.5757  0.6107
   6.460   1.5984   0.00862   0.00446  -0.1943  0.5605  0.6107
   6.470   1.6068   0.00849   0.00436  -0.1957  0.5648  0.6109
   6.480   1.6141   0.00838   0.00429  -0.1970  0.5710  0.6110
   6.490   1.6102   0.00847   0.00435  -0.1960  0.5663  0.6111
   6.500   1.6056   0.00858   0.00443  -0.1949  0.5620  0.6112
   6.510   1.6129   0.00846   0.00435  -0.1962  0.5673  0.6114
   6.520   1.6102   0.00853   0.00441  -0.1954  0.5637  0.6115
   6.530   1.6152   0.00847   0.00436  -0.1962  0.5679  0.6117
   6.540   1.6075   0.00863   0.00448  -0.1945  0.5612  0.6117
   6.550   1.6066   0.00866   0.00451  -0.1941  0.5604  0.6118
   6.560   1.6050   0.00872   0.00455  -0.1936  0.5577  0.6119
   6.570   1.6170   0.00852   0.00441  -0.1958  0.5654  0.6121
   6.580   1.5988   0.00888   0.00469  -0.1921  0.5523  0.6120
   6.590   1.6106   0.00867   0.00453  -0.1942  0.5606  0.6123
   6.610   1.6019   0.00889   0.00470  -0.1921  0.5524  0.6125
   6.620   1.6022   0.00890   0.00472  -0.1920  0.5522  0.6125
   6.630   1.6087   0.00880   0.00464  -0.1930  0.5553  0.6128
   6.640   1.6053   0.00889   0.00471  -0.1922  0.5528  0.6128
   6.650   1.5958   0.00911   0.00489  -0.1902  0.5457  0.6128
   6.660   1.6132   0.00878   0.00463  -0.1933  0.5568  0.6132
   6.670   1.6160   0.00875   0.00461  -0.1937  0.5587  0.6134
   6.680   1.6023   0.00904   0.00485  -0.1909  0.5488  0.6133
   6.690   1.6045   0.00902   0.00483  -0.1911  0.5501  0.6135
   6.700   1.5925   0.00929   0.00506  -0.1886  0.5420  0.6134
   6.710   1.6038   0.00908   0.00489  -0.1906  0.5478  0.6137
   6.720   1.6156   0.00887   0.00471  -0.1927  0.5545  0.6140
   6.730   1.6050   0.00910   0.00491  -0.1904  0.5472  0.6140
   6.740   1.6149   0.00893   0.00477  -0.1921  0.5530  0.6143
   6.750   1.6104   0.00904   0.00486  -0.1911  0.5507  0.6143
   6.760   1.5947   0.00939   0.00516  -0.1879  0.5406  0.6141
   6.770   1.6117   0.00906   0.00488  -0.1910  0.5502  0.6145
   6.780   1.5980   0.00937   0.00515  -0.1882  0.5415  0.6145
   6.790   1.5964   0.00943   0.00520  -0.1877  0.5398  0.6145
   6.830   1.5709   0.01013   0.00583  -0.1824  0.5247  0.6147
