  
       XFOIL         Version 6.94
  
 Calculated polar for: 1080                                            
  
 1 1 Reynolds number fixed          Mach number fixed         
  
 xtrf =   1.000 (top)        1.000 (bottom)  
 Mach =   0.000     Re =     2.000 e 6     Ncrit =   9.000
  
  alpha     CL        CD       CDp       CM    Top_Xtr Bot_Xtr
 ------- -------- --------- --------- -------- ------- -------
   6.000   1.5165   0.00834   0.00421  -0.1617  0.5296  0.7905
   6.010   1.5183   0.00837   0.00424  -0.1619  0.5300  0.7905
   6.020   1.5208   0.00841   0.00428  -0.1622  0.5306  0.7905
   6.030   1.5221   0.00842   0.00429  -0.1623  0.5307  0.7905
   6.040   1.5234   0.00843   0.00430  -0.1623  0.5308  0.7905
   6.050   1.5237   0.00841   0.00429  -0.1622  0.5305  0.7905
   6.060   1.5196   0.00828   0.00415  -0.1610  0.5280  0.7906
   6.070   1.5237   0.00836   0.00424  -0.1617  0.5295  0.7905
   6.080   1.5222   0.00830   0.00417  -0.1612  0.5283  0.7906
   6.090   1.5275   0.00842   0.00429  -0.1621  0.5303  0.7905
   6.100   1.5264   0.00836   0.00424  -0.1616  0.5293  0.7906
   6.110   1.5294   0.00842   0.00430  -0.1621  0.5302  0.7906
   6.120   1.5301   0.00841   0.00429  -0.1620  0.5300  0.7906
   6.130   1.5297   0.00837   0.00426  -0.1617  0.5294  0.7906
   6.140   1.5322   0.00842   0.00430  -0.1621  0.5300  0.7906
   6.150   1.5310   0.00836   0.00424  -0.1616  0.5290  0.7907
   6.160   1.5314   0.00835   0.00423  -0.1614  0.5287  0.7907
   6.170   1.5346   0.00841   0.00429  -0.1619  0.5297  0.7907
   6.180   1.5328   0.00833   0.00422  -0.1613  0.5283  0.7907
   6.190   1.5353   0.00838   0.00426  -0.1616  0.5290  0.7907
   6.200   1.5358   0.00837   0.00425  -0.1615  0.5288  0.7907
   6.210   1.5352   0.00833   0.00421  -0.1612  0.5280  0.7908
   6.220   1.5355   0.00831   0.00419  -0.1610  0.5276  0.7908
   6.230   1.5391   0.00838   0.00427  -0.1616  0.5288  0.7908
   6.240   1.5367   0.00829   0.00418  -0.1608  0.5271  0.7908
   6.270   1.5409   0.00833   0.00422  -0.1611  0.5277  0.7909
   6.280   1.5342   0.00824   0.00408  -0.1594  0.5226  0.7910
   6.290   1.5443   0.00837   0.00427  -0.1614  0.5283  0.7909
   6.300   1.5359   0.00821   0.00407  -0.1593  0.5216  0.7910
   6.310   1.5404   0.00827   0.00413  -0.1601  0.5250  0.7910
   6.320   1.5439   0.00830   0.00418  -0.1606  0.5265  0.7909
   6.330   1.5441   0.00829   0.00417  -0.1605  0.5260  0.7910
   6.340   1.5443   0.00829   0.00416  -0.1603  0.5254  0.7910
   6.350   1.5387   0.00815   0.00400  -0.1588  0.5164  0.7911
   6.360   1.5454   0.00829   0.00415  -0.1601  0.5249  0.7910
   6.370   1.5438   0.00829   0.00413  -0.1595  0.5229  0.7911
   6.380   1.5501   0.00832   0.00421  -0.1607  0.5264  0.7910
   6.390   1.5447   0.00821   0.00407  -0.1593  0.5200  0.7911
   6.400   1.5534   0.00835   0.00425  -0.1610  0.5271  0.7910
   6.410   1.5519   0.00831   0.00419  -0.1604  0.5256  0.7911
   6.440   1.5497   0.00822   0.00409  -0.1593  0.5199  0.7912
   6.450   1.5539   0.00832   0.00418  -0.1600  0.5243  0.7911
   6.490   1.5445   0.00824   0.00401  -0.1571  0.5009  0.7915
   6.500   1.5477   0.00821   0.00401  -0.1575  0.5053  0.7914
   6.530   1.5549   0.00822   0.00406  -0.1584  0.5149  0.7914
   6.540   1.5541   0.00820   0.00403  -0.1580  0.5086  0.7915
   6.550   1.5517   0.00824   0.00403  -0.1574  0.5045  0.7916
   6.560   1.5493   0.00830   0.00405  -0.1567  0.4965  0.7917
   6.590   1.5547   0.00827   0.00406  -0.1572  0.5037  0.7917
   6.630   1.5595   0.00827   0.00407  -0.1573  0.5044  0.7918
   6.640   1.5634   0.00824   0.00407  -0.1579  0.5074  0.7918
   6.650   1.5607   0.00828   0.00408  -0.1572  0.5024  0.7919
   6.660   1.5596   0.00832   0.00409  -0.1568  0.4970  0.7919
   6.670   1.5587   0.00835   0.00411  -0.1564  0.4949  0.7920
   6.680   1.5595   0.00836   0.00412  -0.1564  0.4948  0.7920
   6.690   1.5570   0.00844   0.00416  -0.1557  0.4881  0.7921
   6.700   1.5652   0.00830   0.00410  -0.1571  0.5000  0.7920
   6.710   1.5649   0.00833   0.00411  -0.1568  0.4974  0.7920
   6.720   1.5615   0.00841   0.00416  -0.1560  0.4908  0.7921
   6.730   1.5648   0.00837   0.00414  -0.1564  0.4951  0.7921
   6.740   1.5571   0.00856   0.00425  -0.1547  0.4819  0.7923
   6.750   1.5592   0.00853   0.00424  -0.1549  0.4840  0.7923
   6.760   1.5698   0.00834   0.00413  -0.1568  0.4974  0.7922
   6.770   1.5670   0.00842   0.00417  -0.1561  0.4922  0.7923
   6.780   1.5672   0.00844   0.00419  -0.1559  0.4903  0.7923
   6.790   1.5580   0.00866   0.00433  -0.1540  0.4764  0.7925
   6.800   1.5592   0.00867   0.00434  -0.1540  0.4766  0.7925
   6.810   1.5683   0.00849   0.00422  -0.1556  0.4872  0.7924
   6.820   1.5704   0.00847   0.00421  -0.1558  0.4889  0.7924
   6.830   1.5499   0.00895   0.00455  -0.1516  0.4642  0.7928
   6.840   1.5507   0.00896   0.00456  -0.1516  0.4641  0.7928
   6.850   1.5733   0.00848   0.00423  -0.1558  0.4888  0.7925
   6.860   1.5687   0.00860   0.00431  -0.1547  0.4815  0.7926
   6.870   1.5691   0.00862   0.00432  -0.1546  0.4805  0.7926
   6.880   1.5629   0.00878   0.00443  -0.1532  0.4724  0.7928
   6.890   1.5623   0.00882   0.00446  -0.1529  0.4705  0.7928
   6.900   1.5604   0.00889   0.00452  -0.1523  0.4674  0.7929
   6.910   1.5625   0.00887   0.00450  -0.1525  0.4686  0.7929
   6.920   1.5684   0.00876   0.00443  -0.1535  0.4745  0.7929
   6.930   1.5702   0.00874   0.00442  -0.1536  0.4752  0.7929
   6.940   1.5538   0.00915   0.00472  -0.1503  0.4574  0.7932
   6.950   1.5612   0.00900   0.00461  -0.1515  0.4640  0.7931
   6.960   1.5493   0.00932   0.00485  -0.1491  0.4520  0.7934
   6.970   1.5389   0.00960   0.00508  -0.1470  0.4426  0.7936
   6.980   1.5606   0.00910   0.00469  -0.1509  0.4603  0.7932
   6.990   1.5411   0.00960   0.00509  -0.1470  0.4429  0.7936
   7.000   1.5536   0.00932   0.00487  -0.1492  0.4525  0.7934
   7.010   1.5397   0.00969   0.00516  -0.1464  0.4401  0.7937
   7.020   1.5156   0.01031   0.00568  -0.1418  0.4222  0.7941
   7.030   1.5294   0.00999   0.00542  -0.1441  0.4313  0.7940
   7.040   1.5551   0.00939   0.00493  -0.1487  0.4503  0.7936
   7.050   1.5410   0.00976   0.00523  -0.1459  0.4384  0.7938
   7.060   1.5349   0.00994   0.00538  -0.1446  0.4337  0.7940
   7.070   1.5343   0.00998   0.00542  -0.1443  0.4324  0.7940
   7.080   1.5481   0.00967   0.00516  -0.1467  0.4419  0.7938
   7.090   1.5484   0.00969   0.00518  -0.1465  0.4414  0.7939
   7.100   1.5332   0.01009   0.00552  -0.1436  0.4294  0.7942
   7.110   1.5404   0.00994   0.00539  -0.1447  0.4344  0.7941
   7.120   1.5560   0.00959   0.00511  -0.1474  0.4454  0.7939
   7.130   1.5488   0.00979   0.00527  -0.1459  0.4388  0.7940
   7.140   1.5236   0.01044   0.00582  -0.1411  0.4205  0.7945
   7.150   1.5356   0.01017   0.00559  -0.1431  0.4279  0.7943
   7.160   1.5317   0.01030   0.00570  -0.1422  0.4252  0.7944
   7.170   1.5497   0.00987   0.00535  -0.1453  0.4369  0.7942
   7.180   1.5366   0.01023   0.00565  -0.1427  0.4269  0.7944
   7.190   1.5167   0.01076   0.00610  -0.1390  0.4136  0.7948
   7.200   1.5269   0.01053   0.00591  -0.1406  0.4192  0.7946
   7.210   1.5291   0.01050   0.00588  -0.1409  0.4202  0.7947
   7.220   1.5102   0.01101   0.00633  -0.1373  0.4077  0.7950
   7.230   1.5282   0.01058   0.00596  -0.1403  0.4184  0.7947
   7.240   1.5465   0.01015   0.00559  -0.1435  0.4301  0.7945
   7.250   1.5385   0.01037   0.00578  -0.1419  0.4246  0.7946
   7.260   1.5286   0.01065   0.00603  -0.1399  0.4170  0.7948
   7.270   1.5333   0.01056   0.00595  -0.1406  0.4195  0.7948
   7.280   1.5105   0.01118   0.00649  -0.1364  0.4054  0.7952
   7.290   1.5243   0.01085   0.00620  -0.1386  0.4132  0.7950
   7.300   1.5227   0.01092   0.00626  -0.1382  0.4115  0.7951
   7.310   1.5247   0.01090   0.00625  -0.1384  0.4123  0.7951
   7.320   1.5127   0.01124   0.00655  -0.1361  0.4050  0.7953
   7.330   1.5128   0.01127   0.00658  -0.1359  0.4047  0.7953
   7.340   1.5421   0.01053   0.00594  -0.1409  0.4215  0.7949
   7.350   1.4968   0.01176   0.00703  -0.1329  0.3949  0.7957
   7.360   1.5128   0.01136   0.00666  -0.1354  0.4032  0.7955
   7.370   1.5095   0.01147   0.00677  -0.1347  0.4006  0.7955
   7.380   1.5107   0.01147   0.00677  -0.1347  0.4009  0.7956
   7.390   1.5254   0.01111   0.00645  -0.1371  0.4086  0.7954
   7.400   1.5219   0.01123   0.00656  -0.1363  0.4063  0.7955
   7.410   1.5017   0.01181   0.00708  -0.1327  0.3951  0.7958
   7.420   1.5073   0.01169   0.00697  -0.1335  0.3973  0.7958
   7.430   1.5241   0.01126   0.00660  -0.1362  0.4063  0.7956
   7.440   1.4928   0.01216   0.00741  -0.1308  0.3890  0.7961
   7.450   1.4934   0.01218   0.00743  -0.1307  0.3889  0.7961
   7.460   1.5035   0.01192   0.00719  -0.1322  0.3942  0.7960
   7.470   1.5258   0.01133   0.00667  -0.1359  0.4056  0.7957
   7.480   1.4886   0.01242   0.00766  -0.1295  0.3857  0.7963
   7.490   1.5087   0.01187   0.00715  -0.1326  0.3955  0.7960
   7.500   1.4957   0.01227   0.00753  -0.1303  0.3883  0.7963
   7.510   1.5097   0.01190   0.00719  -0.1325  0.3954  0.7961
   7.520   1.4923   0.01245   0.00769  -0.1295  0.3861  0.7964
   7.530   1.4976   0.01232   0.00758  -0.1302  0.3882  0.7963
   7.540   1.4997   0.01229   0.00755  -0.1304  0.3889  0.7964
   7.550   1.4815   0.01289   0.00811  -0.1273  0.3801  0.7967
   7.560   1.5055   0.01218   0.00746  -0.1310  0.3913  0.7963
   7.570   1.4838   0.01289   0.00811  -0.1274  0.3806  0.7967
   7.580   1.4903   0.01271   0.00795  -0.1282  0.3837  0.7967
   7.590   1.4943   0.01262   0.00787  -0.1287  0.3851  0.7966
   7.600   1.4850   0.01296   0.00819  -0.1271  0.3803  0.7968
   7.610   1.4858   0.01297   0.00820  -0.1271  0.3804  0.7968
   7.620   1.4379   0.01478   0.00994  -0.1199  0.3608  0.7976
   7.630   1.4877   0.01298   0.00821  -0.1271  0.3807  0.7969
   7.640   1.4841   0.01313   0.00836  -0.1264  0.3786  0.7970
   7.650   1.5038   0.01254   0.00781  -0.1293  0.3872  0.7967
   7.660   1.4973   0.01278   0.00803  -0.1281  0.3845  0.7969
   7.670   1.4444   0.01475   0.00991  -0.1202  0.3625  0.7977
   7.680   1.4608   0.01413   0.00932  -0.1224  0.3681  0.7975
   7.690   1.4597   0.01422   0.00941  -0.1221  0.3674  0.7976
   7.700   1.4784   0.01357   0.00878  -0.1247  0.3749  0.7973
   7.710   1.4792   0.01358   0.00880  -0.1247  0.3750  0.7974
   7.720   1.4575   0.01444   0.00963  -0.1214  0.3660  0.7977
   7.730   1.4389   0.01529   0.01045  -0.1187  0.3590  0.7981
   7.740   1.4870   0.01342   0.00865  -0.1254  0.3772  0.7974
   7.750   1.4596   0.01449   0.00969  -0.1213  0.3662  0.7978
   7.760   1.4252   0.01610   0.01126  -0.1167  0.3542  0.7984
